<!DOCTYPE svg PUBLIC "-//W3C//DTD SVG 1.1//EN" "http://www.w3.org/Graphics/SVG/1.1/DTD/svg11.dtd">

<!-- Uploaded to: vectormixer, www.vectormixer.com, Transformed by: Vectormixer Mixer Tools -->
<svg xmlns="http://www.w3.org/2000/svg" width="360px" height="360px" viewBox="0 0 3840 2160" version="1.1" fill="#ffffff">

<g id="SVGRepo_bgCarrier" stroke-width="0"/>

<g id="SVGRepo_tracerCarrier" stroke-linecap="round" stroke-linejoin="round"/>

<g id="SVGRepo_iconCarrier">

<path d="M 1900.513 37.739 C 1894 38.697, 1882.070 49.706, 1877.154 59.293 C 1874.849 63.789, 1871.032 70.786, 1861.083 88.754 C 1857.656 94.944, 1853.030 102.313, 1850.803 105.130 L 1846.755 110.251 1839.627 109.470 C 1826.468 108.028, 1818.882 108.402, 1814.500 110.710 C 1807.122 114.596, 1803.717 119.461, 1798.471 133.610 C 1794.010 145.642, 1788.035 156.660, 1779.742 168.145 C 1776.309 172.899, 1769.225 182.869, 1764 190.299 C 1755.342 202.610, 1751.556 206.889, 1750.370 205.703 C 1750.131 205.464, 1749.221 201.270, 1748.350 196.384 C 1747.478 191.498, 1744.822 179.400, 1742.447 169.500 C 1740.073 159.600, 1736.917 146.325, 1735.434 140 C 1731.392 122.756, 1726.271 113.875, 1717.733 109.302 C 1712.713 106.613, 1698.802 106.893, 1693.278 109.795 C 1676.295 118.714, 1668.711 137.596, 1666.484 176.500 C 1665.738 189.543, 1662.694 211.084, 1660.407 219.500 C 1659.511 222.800, 1658.752 225.998, 1658.722 226.607 C 1658.638 228.298, 1651.807 226.450, 1650.212 224.305 C 1645.664 218.187, 1639.599 207.314, 1638.986 204.180 C 1637.523 196.705, 1630.803 175.311, 1628.044 169.349 C 1622.124 156.555, 1612.420 150.745, 1597 150.762 C 1581.651 150.778, 1575.979 153.687, 1571.185 164 L 1568.628 169.500 1567.935 230 C 1567.362 280.004, 1566.950 292.148, 1565.559 300 C 1562.626 316.562, 1556.639 325, 1547.820 325 C 1541.239 325, 1537.923 322.838, 1531.545 314.389 C 1525.865 306.864, 1506.608 287.088, 1489.554 271.265 C 1474.715 257.498, 1456.543 250.952, 1442.878 254.453 C 1434.230 256.668, 1430.369 259.337, 1427.434 265.130 C 1424.597 270.729, 1422.216 285.062, 1422.057 297.500 C 1422 301.900, 1421.689 306.963, 1421.366 308.750 C 1420.801 311.868, 1420.589 311.999, 1416.139 311.984 C 1410.836 311.966, 1408.664 310.371, 1400.499 300.500 C 1397.769 297.200, 1390.445 288.771, 1384.224 281.770 C 1372.247 268.291, 1360 252.649, 1360 250.831 C 1360 250.232, 1358.227 247.145, 1356.059 243.970 C 1347.820 231.899, 1340.577 215.631, 1332.161 190.290 C 1327.484 176.206, 1322.271 166.062, 1320.580 167.753 C 1320.203 168.130, 1320.184 167.685, 1320.538 166.762 C 1321.363 164.613, 1313.037 156.121, 1306.889 152.841 C 1300.628 149.501, 1286.694 149.539, 1279.745 152.915 C 1272.856 156.262, 1266.312 165.019, 1267.510 169.288 C 1267.937 170.809, 1267.841 171.083, 1267.204 170.165 C 1265.825 168.179, 1265.032 172.079, 1265.002 181 C 1264.979 187.644, 1265.840 191.182, 1272.554 212 C 1276.722 224.925, 1281.735 239.550, 1283.695 244.500 C 1285.655 249.450, 1288.252 256.200, 1289.465 259.500 C 1292.179 266.885, 1295.951 274.345, 1300.012 280.362 C 1310.184 295.435, 1312.032 306.306, 1309.646 337.059 C 1308.731 348.851, 1307.981 362.325, 1307.978 367 C 1307.975 371.675, 1307.701 376.512, 1307.370 377.750 C 1306.462 381.137, 1302.055 380.641, 1292.613 376.087 C 1280.721 370.352, 1277.671 369.219, 1269.700 367.577 C 1253.216 364.180, 1243.297 372.010, 1237.491 393 C 1234.334 404.418, 1233.186 405.973, 1229.412 403.953 C 1226.213 402.241, 1220.874 394.071, 1219.180 388.295 C 1218.502 385.982, 1216.914 382.832, 1215.652 381.295 C 1214.390 379.758, 1211.631 375.624, 1209.520 372.109 C 1198.754 354.175, 1183.664 337.261, 1171.192 329.147 C 1155.463 318.915, 1144.592 316.150, 1133.289 319.507 C 1121.061 323.138, 1111.601 340.376, 1114.970 352.888 C 1117.115 360.855, 1122.227 366.458, 1141.907 382.413 C 1145.700 385.488, 1155.192 396.956, 1160.901 405.362 C 1165.948 412.793, 1172.743 427.729, 1175.135 436.646 C 1177.741 446.364, 1178.940 472.622, 1177.041 478.377 C 1175.771 482.224, 1172.889 483.734, 1169.110 482.535 C 1167.991 482.180, 1160.163 474.939, 1151.714 466.445 C 1143.265 457.950, 1135.907 451, 1135.363 451 C 1133.423 451, 1080 393.378, 1080 391.285 C 1080 390.118, 1056.154 364.500, 1055.068 364.500 C 1054.572 364.500, 1053.792 364.090, 1053.333 363.590 C 1052.849 363.061, 1053.024 362.981, 1053.750 363.399 C 1058.157 365.935, 1051.986 359.119, 1029.681 336.817 C 1001.728 308.866, 997.830 305.519, 987.243 300.378 C 978.049 295.913, 971.060 295.058, 964.129 297.551 C 955.045 300.817, 947.849 309.923, 947.198 318.974 C 946.210 332.717, 952.820 342.505, 989.419 381.500 C 1006.541 399.743, 1010 403.646, 1010 404.724 C 1010 405.291, 1010.746 406.373, 1011.659 407.128 C 1013.599 408.733, 1037.222 434.876, 1041.362 440 C 1042.917 441.925, 1051.459 450.882, 1060.345 459.904 C 1069.230 468.927, 1077.400 477.486, 1078.500 478.926 C 1080.698 481.803, 1118.185 518.529, 1127.063 526.503 C 1141.332 539.319, 1158.934 560.349, 1161.565 567.723 C 1166.264 580.894, 1160.002 589.475, 1127.431 614.500 C 1098.511 636.720, 1066.852 669.185, 1032.840 711.500 C 1027.536 718.100, 1020.226 726.867, 1016.598 730.981 C 1012.969 735.096, 1010 738.811, 1010 739.238 C 1010 739.664, 1004.792 746.423, 998.427 754.257 C 992.062 762.091, 981.408 775.250, 974.752 783.500 C 968.096 791.750, 958.549 803.450, 953.538 809.500 C 948.526 815.550, 943.092 822.293, 941.463 824.485 C 939.833 826.676, 934.275 833.876, 929.110 840.485 C 923.946 847.093, 916.971 856.478, 913.610 861.340 C 910.250 866.202, 905.580 872.936, 903.232 876.304 C 898.032 883.768, 886.796 904.110, 880.754 917 C 876.009 927.124, 871 939.289, 871 940.689 C 871 941.156, 869.609 944.849, 867.908 948.897 C 866.208 952.944, 863.084 961.036, 860.966 966.878 C 855.482 982.008, 847.083 1003.974, 845.433 1007.500 C 843.212 1012.248, 833.360 1039.693, 823.894 1067.500 C 822.209 1072.450, 820.228 1077.850, 819.492 1079.500 C 817.101 1084.858, 801 1134.016, 801 1135.958 C 801 1136.995, 799.638 1141.817, 797.972 1146.672 C 796.307 1151.527, 794.558 1157.075, 794.085 1159 C 793.612 1160.925, 791.996 1167, 790.494 1172.500 C 788.992 1178, 787.402 1184.300, 786.960 1186.500 C 780.728 1217.543, 780.236 1222.925, 778.973 1274 C 777.096 1349.911, 779.155 1376.243, 790.544 1422 C 795.434 1441.646, 800.546 1463.588, 801.875 1470.639 C 802.512 1474.015, 804.533 1482.340, 806.368 1489.139 C 808.202 1495.937, 810.935 1506.900, 812.440 1513.500 C 821.046 1551.236, 822.405 1555.690, 834.258 1585 C 842.381 1605.086, 852.349 1627.329, 862.043 1647 C 865.431 1653.875, 869.088 1661.750, 870.169 1664.500 C 874.955 1676.674, 887.620 1697.577, 898.041 1710.500 C 900.259 1713.250, 904.191 1718.200, 906.781 1721.500 C 912.207 1728.416, 933.287 1752.090, 937.890 1756.437 C 939.601 1758.052, 941 1759.857, 941 1760.448 C 941 1761.039, 947.863 1768.235, 956.250 1776.441 C 995.809 1815.141, 1010 1829.249, 1010 1829.875 C 1010 1830.249, 1013.937 1834.081, 1018.750 1838.392 C 1023.563 1842.702, 1035.409 1853.940, 1045.075 1863.364 C 1065.331 1883.115, 1079.363 1896.083, 1086.500 1901.649 C 1094.114 1907.588, 1101.911 1913.004, 1104.328 1914.035 C 1106.370 1914.906, 1112.582 1918.801, 1125.103 1927.061 C 1128.071 1929.019, 1131.175 1930.919, 1132 1931.282 C 1132.825 1931.646, 1137.325 1934.397, 1142 1937.396 C 1169.087 1954.774, 1205.734 1975.964, 1227.143 1986.626 C 1254.341 2000.171, 1264.262 2004.289, 1305 2018.943 C 1322.502 2025.238, 1340.804 2032.295, 1359.500 2039.957 C 1376.544 2046.942, 1392.222 2052.738, 1402.590 2055.886 C 1406.489 2057.070, 1414.364 2059.874, 1420.090 2062.116 C 1425.815 2064.358, 1437.025 2068.201, 1445 2070.655 C 1457.545 2074.516, 1462.062 2075.377, 1478.500 2077.047 C 1510.895 2080.336, 1517.695 2081.769, 1549.500 2092 C 1575.668 2100.419, 1582.374 2101.713, 1606.500 2103.008 C 1633.577 2104.460, 1688.843 2109.979, 1711.500 2113.493 C 1731.637 2116.616, 1745.356 2117.495, 1774 2117.497 C 1793.548 2117.499, 1806.536 2117.047, 1812.500 2116.158 C 1836.480 2112.584, 1870.930 2106.549, 1893.500 2101.969 C 1946.168 2091.282, 1991.457 2082.792, 2008 2080.503 C 2044.577 2075.443, 2059.285 2072.140, 2082.500 2063.774 C 2109.160 2054.167, 2133.235 2046.309, 2151 2041.417 C 2198.775 2028.261, 2210.026 2024.250, 2233.500 2012.003 C 2253.401 2001.621, 2266.657 1994.685, 2276 1989.766 C 2280.675 1987.304, 2285.625 1984.949, 2287 1984.532 C 2289.631 1983.733, 2326.719 1965.293, 2332.899 1961.711 C 2334.879 1960.563, 2340.775 1957.320, 2346 1954.504 C 2367.947 1942.677, 2377.282 1937.189, 2391.138 1927.967 C 2399.189 1922.608, 2406.726 1917.274, 2407.888 1916.112 C 2409.050 1914.950, 2410.427 1914, 2410.950 1914 C 2413.306 1914, 2438.541 1894.401, 2459.427 1876.351 C 2463.787 1872.583, 2469.498 1867.700, 2472.120 1865.500 C 2474.741 1863.300, 2476.941 1861.050, 2477.008 1860.500 C 2477.075 1859.950, 2480.532 1856.575, 2484.691 1853 C 2512.347 1829.226, 2535.813 1806.749, 2551.500 1789.009 C 2557 1782.789, 2562.697 1776.530, 2564.159 1775.100 C 2568.579 1770.778, 2586.779 1749.145, 2594.887 1738.576 C 2599.074 1733.118, 2605.124 1725.243, 2608.332 1721.076 C 2611.540 1716.909, 2615.024 1711.837, 2616.075 1709.804 C 2617.126 1707.771, 2618.612 1705.746, 2619.377 1705.304 C 2620.771 1704.499, 2635.104 1685.517, 2650.954 1663.487 C 2655.604 1657.024, 2665.199 1644.765, 2672.276 1636.244 C 2679.354 1627.722, 2685.564 1619.794, 2686.076 1618.625 C 2686.589 1617.456, 2688.567 1614.475, 2690.473 1612 C 2696.350 1604.369, 2705.059 1590.065, 2711.479 1577.500 C 2718.165 1564.415, 2730.067 1544.498, 2743.334 1524.196 C 2752.808 1509.699, 2764.214 1488.509, 2769.355 1475.856 C 2777.301 1456.297, 2780.555 1448.811, 2786.242 1437 C 2798.279 1412, 2802.661 1398.889, 2807.017 1374.840 C 2808.178 1368.427, 2810.010 1360.327, 2811.088 1356.840 C 2817.635 1335.650, 2825.290 1304.571, 2826.074 1296 C 2827.779 1277.358, 2830.933 1254.195, 2834.450 1234.500 C 2842.299 1190.544, 2844.106 1165.231, 2842.087 1127.500 C 2840.280 1093.708, 2834.003 1048.762, 2827.842 1025.500 C 2827.259 1023.300, 2826.418 1018.928, 2825.972 1015.784 C 2825.526 1012.640, 2824.174 1006.790, 2822.967 1002.784 C 2813.533 971.468, 2805.536 946.791, 2802.459 939.500 C 2799.566 932.643, 2786.644 896.158, 2782.980 884.500 C 2781.251 879, 2778.992 872.250, 2777.960 869.500 C 2776.928 866.750, 2773.764 857.975, 2770.929 850 C 2768.094 842.025, 2763.575 831.047, 2760.887 825.604 C 2758.199 820.161, 2756 815.316, 2756 814.837 C 2756 814.357, 2753.707 809.898, 2750.905 804.928 C 2746.979 797.963, 2745.960 795.297, 2746.460 793.304 C 2747.743 788.191, 2767.966 770.315, 2777.531 765.839 C 2785.404 762.154, 2792.478 761.013, 2807.500 761.004 C 2821.159 760.996, 2828.879 759.798, 2851.500 754.172 C 2872.101 749.049, 2887.485 745.920, 2913.500 741.561 C 2925.050 739.626, 2941.475 736.409, 2950 734.412 C 2958.525 732.415, 2967.750 730.433, 2970.500 730.009 C 2980.518 728.463, 3020.380 715.430, 3035.704 708.691 C 3046.268 704.045, 3050.648 701.239, 3055.199 696.201 C 3059.513 691.427, 3060.534 687.549, 3060.409 676.420 C 3060.285 665.326, 3058.066 661.413, 3049.477 657.138 C 3042.756 653.793, 3027.906 649.971, 3014.066 648.024 C 3003.839 646.584, 2998.639 644.624, 2996.537 641.416 C 2995.667 640.088, 2994.058 634.641, 2992.961 629.311 C 2989.831 614.097, 2984.886 607.655, 2975.533 606.604 C 2973.315 606.355, 2962.725 605.424, 2952 604.536 C 2941.275 603.648, 2929.350 602.492, 2925.500 601.967 C 2912.866 600.244, 2896.671 599.002, 2886.822 599.001 C 2874.404 599, 2865.090 600.309, 2846.500 604.670 C 2835.475 607.256, 2830.308 608.027, 2827 607.580 C 2815.940 606.083, 2810.001 604.708, 2810.007 603.647 C 2810.011 603.016, 2811.473 601.567, 2813.257 600.426 C 2815.041 599.286, 2819.200 596.595, 2822.500 594.448 C 2825.800 592.300, 2830.075 589.812, 2832 588.918 C 2836.638 586.764, 2842.506 582.014, 2860.500 565.847 C 2876.828 551.176, 2886.959 543.202, 2902.734 532.604 C 2915.538 524.003, 2918.508 519.752, 2918.340 510.267 C 2918.190 501.789, 2915.056 496.003, 2906.886 489.118 C 2903.374 486.158, 2899.304 482.704, 2897.842 481.443 C 2896.380 480.181, 2894.846 479.453, 2894.432 479.824 C 2894.018 480.196, 2893.984 479.968, 2894.356 479.319 C 2895.178 477.884, 2890.570 470.795, 2889.463 471.793 C 2889.032 472.182, 2889.011 471.924, 2889.417 471.221 C 2889.822 470.517, 2888.888 466.692, 2887.341 462.721 C 2883.993 454.129, 2878.219 447.854, 2869.885 443.750 C 2862.292 440.011, 2858.014 440.202, 2839.232 445.117 C 2822.608 449.468, 2819.126 450.264, 2809.500 451.914 C 2796.100 454.212, 2753.717 464.288, 2735 469.627 C 2717.782 474.537, 2710.883 477.005, 2694 484.293 C 2687.675 487.023, 2680.733 489.603, 2678.573 490.026 C 2674.046 490.914, 2670 489.502, 2670 487.035 C 2670 484.854, 2674.878 477.261, 2681.024 469.875 C 2683.761 466.587, 2686 463.560, 2686 463.150 C 2686 461.448, 2696.898 451.820, 2702 449.014 C 2720.285 438.956, 2735.640 434.447, 2773.547 428.003 C 2788.286 425.498, 2796.008 423, 2803.838 418.203 C 2820.320 408.106, 2827.250 395.590, 2823.969 381.846 C 2822.407 375.301, 2819.320 370.233, 2814.449 366.219 C 2807.903 360.823, 2797.058 359.601, 2782.836 362.657 C 2775.635 364.204, 2774.958 364.203, 2772.564 362.634 C 2770.574 361.330, 2769.999 360.119, 2769.994 357.227 C 2769.959 337.261, 2769.342 330.330, 2767.171 325.537 C 2762.566 315.366, 2757.615 312.626, 2744 312.709 C 2735.757 312.760, 2732.118 313.432, 2716.500 317.788 C 2689.965 325.189, 2679.204 327.803, 2672.500 328.478 C 2661.207 329.615, 2658.630 325.526, 2663.807 314.684 C 2672.104 297.309, 2674.886 281.687, 2671.407 272.012 C 2667.781 261.929, 2659.079 254.497, 2649.592 253.382 C 2642.448 252.542, 2636.475 254.495, 2624.047 261.734 C 2608.290 270.912, 2602.728 274.120, 2598 276.755 C 2576.567 288.705, 2554.668 306.296, 2521.083 338.541 C 2513.612 345.714, 2504.800 354.102, 2501.500 357.182 C 2498.200 360.262, 2492.575 365.539, 2489 368.910 C 2482.306 375.222, 2479.579 376.636, 2476.180 375.557 C 2473.543 374.720, 2473.031 372.288, 2473.008 360.500 C 2472.973 342.684, 2470.139 332.162, 2462.643 322.025 C 2456.881 314.232, 2454.817 312, 2453.371 312 C 2451.380 312, 2446.963 305.546, 2446.344 301.732 C 2445.542 296.790, 2448.488 291.040, 2456.965 281 C 2467.057 269.047, 2477 253.494, 2477 249.661 C 2477 248.880, 2478.161 245.600, 2479.580 242.371 C 2480.999 239.142, 2482.548 235.600, 2483.022 234.500 C 2485.040 229.820, 2489.034 214.673, 2491.052 204.045 C 2494.236 187.274, 2492.708 176.894, 2485.981 169.595 C 2478.098 161.043, 2467.076 157.945, 2457.080 161.472 C 2450.331 163.853, 2438.604 172.618, 2431.159 180.845 C 2423.691 189.098, 2407.538 208.852, 2406.894 210.520 C 2406.519 211.490, 2396.966 223.750, 2371.455 256 C 2365.146 263.975, 2358.525 272.431, 2356.742 274.791 C 2354.959 277.151, 2350.688 282.672, 2347.252 287.059 C 2343.815 291.447, 2339.813 296.836, 2338.358 299.036 C 2335.456 303.420, 2332.322 304.778, 2329.093 303.050 C 2326.275 301.542, 2326.370 297.494, 2329.497 285.822 C 2332.641 274.089, 2332.815 260.045, 2330.046 241.500 C 2328.979 234.350, 2327.819 224.225, 2327.470 219 C 2326.093 198.420, 2323.999 192.324, 2313.663 178.807 C 2301.196 162.502, 2300.063 154.405, 2307.656 135.867 C 2311.518 126.437, 2312.320 123.383, 2312.362 117.945 C 2312.431 108.844, 2310.298 105.439, 2301.909 101.263 C 2289.100 94.886, 2277.452 94.627, 2265.653 100.457 C 2255.831 105.310, 2248.343 113.427, 2225.023 144.500 C 2213.500 159.854, 2206.471 168.565, 2202.017 173.013 C 2200.633 174.396, 2197.700 177.836, 2195.500 180.658 C 2188.505 189.633, 2185.254 190.017, 2182.430 182.203 C 2177.490 168.538, 2173.725 163.683, 2164.391 158.944 C 2158.051 155.724, 2156.980 155.500, 2147.945 155.500 C 2138.582 155.500, 2138.125 155.607, 2133.249 158.932 C 2130.481 160.819, 2127.457 163.649, 2126.528 165.221 C 2124.189 169.182, 2116.923 176.001, 2115.049 175.995 C 2114.197 175.992, 2111.604 173.180, 2109.286 169.745 C 2101.038 157.520, 2093.266 151.324, 2083.294 149.023 C 2077.278 147.635, 2073.482 148.235, 2066.500 151.680 C 2061.662 154.066, 2051.353 163.648, 2051.820 165.324 C 2051.946 165.778, 2051.569 165.851, 2050.981 165.488 C 2050.393 165.125, 2048.809 165.550, 2047.460 166.434 C 2044.732 168.222, 2040.626 167.710, 2037.766 165.225 C 2036.813 164.397, 2034.612 161.195, 2032.875 158.110 C 2021.289 137.528, 2008.493 128.968, 1994.099 132.170 C 1991.020 132.855, 1988.050 133.784, 1987.500 134.234 C 1986.950 134.684, 1984.359 136.435, 1981.743 138.125 C 1976.202 141.704, 1967.528 151.427, 1968.489 152.982 C 1968.852 153.569, 1968.734 153.926, 1968.227 153.775 C 1967.720 153.624, 1965.931 154.963, 1964.252 156.750 C 1958.074 163.324, 1953.570 160.233, 1951.501 148 C 1949.236 134.609, 1946.277 112.431, 1943.495 88 C 1940.634 62.880, 1940.078 60.181, 1936.408 53.614 C 1933.313 48.076, 1928.530 43.949, 1920.590 39.965 C 1914.687 37.003, 1909.456 36.423, 1900.513 37.739 M 2263.004 198.752 C 2260.798 199.855, 2257.576 203.268, 2254.272 208 C 2244.979 221.312, 2242.664 226.226, 2242.179 233.674 L 2241.777 239.847 2246.481 244.877 C 2251.480 250.221, 2255.843 252.266, 2262.065 252.180 C 2267.703 252.102, 2269.891 250.471, 2272.818 244.164 C 2275.302 238.814, 2275.469 237.467, 2275.830 219.856 C 2276.196 201.969, 2276.126 201.126, 2274.106 199.106 C 2271.543 196.543, 2267.667 196.419, 2263.004 198.752 M 2122.250 303.496 C 2120.018 306.031, 2121.536 312, 2124.413 312 C 2125.151 312, 2126.297 312.652, 2126.958 313.450 C 2128.464 315.264, 2136.738 319.340, 2139.767 319.759 C 2145.166 320.506, 2142.966 313.988, 2135.496 307.103 C 2132.331 304.185, 2130.223 302.970, 2128.920 303.311 C 2127.865 303.587, 2126.750 303.404, 2126.442 302.906 C 2125.628 301.589, 2123.688 301.862, 2122.250 303.496 M 2256.512 313.679 C 2250.998 315.588, 2248.578 318.199, 2242.781 328.493 C 2239.991 333.447, 2236.604 338.951, 2235.255 340.725 C 2233.905 342.499, 2232.440 345.548, 2232 347.501 C 2231.018 351.855, 2231.782 352.338, 2247 356.978 C 2268.252 363.459, 2274.265 364.475, 2275.227 361.750 C 2275.470 361.063, 2275.087 356.675, 2274.375 352 C 2273.664 347.325, 2273.010 342.150, 2272.923 340.500 C 2272.373 330.116, 2270.675 320.210, 2268.972 317.454 C 2266.399 313.292, 2261.723 311.875, 2256.512 313.679 M 1946.500 328.145 C 1927.848 329.238, 1915.948 333.369, 1899.016 344.628 C 1888.219 351.808, 1885.723 352.314, 1860 352.538 C 1840.512 352.708, 1836.429 353.023, 1829.500 354.888 C 1820.224 357.384, 1818.114 357.122, 1809 352.340 C 1800.066 347.652, 1796.635 345.494, 1788.367 339.358 C 1776.450 330.514, 1775.244 330.432, 1766.622 337.894 C 1764.039 340.130, 1759.895 343.149, 1757.415 344.603 C 1753.279 347.027, 1752.207 347.209, 1744.497 346.804 C 1736.439 346.382, 1735.730 346.144, 1727.505 341.118 C 1718.168 335.412, 1713.163 334.406, 1708.836 337.363 C 1707.551 338.241, 1704 342.002, 1700.945 345.721 C 1697.889 349.440, 1693.264 353.797, 1690.666 355.403 C 1684.059 359.488, 1675.172 359.504, 1662 355.456 C 1644.678 350.132, 1631.998 351.710, 1621.774 360.461 C 1616.020 365.386, 1613.870 369.011, 1608.997 382 C 1604.217 394.740, 1603.043 396.974, 1598.570 401.838 C 1593.933 406.879, 1588.510 409.253, 1580.500 409.751 C 1574.432 410.128, 1572.368 409.759, 1565 406.984 C 1549.092 400.991, 1541.852 400, 1529 402.054 C 1515.332 404.239, 1501.251 410.072, 1475 424.420 C 1464.197 430.325, 1442.400 440.461, 1436.117 442.501 C 1426.377 445.664, 1414.652 452.190, 1404.850 459.905 C 1390.291 471.364, 1388.357 475.289, 1391.500 487 C 1393.450 494.266, 1393.425 506.045, 1391.449 510.782 C 1389.754 514.848, 1384.313 521, 1382.413 521 C 1381.756 521, 1379.257 521.890, 1376.859 522.978 C 1371.147 525.570, 1361.958 525.575, 1351.187 522.993 C 1341.724 520.724, 1332.667 520.439, 1329 522.294 C 1325.830 523.897, 1324.232 527.265, 1321.451 538.194 C 1316.254 558.616, 1307.122 564.841, 1287.407 561.400 C 1276.600 559.513, 1271.529 560.494, 1264.448 565.840 C 1260.024 569.180, 1259.443 570.071, 1258.959 574.246 C 1258.661 576.814, 1258.616 578.717, 1258.859 578.475 C 1259.505 577.828, 1267.454 590.926, 1268.826 594.899 C 1270.279 599.106, 1270.333 607.260, 1268.942 612.269 C 1267.572 617.203, 1257.317 628.161, 1251.519 630.886 C 1243.963 634.438, 1237.685 634.615, 1228.514 631.536 C 1224.122 630.062, 1220.279 628.452, 1219.974 627.958 C 1219.669 627.464, 1215.653 624.796, 1211.050 622.030 C 1200.783 615.859, 1197.119 615.525, 1189.715 620.080 C 1181.907 624.885, 1156.311 645.079, 1149.158 652.079 C 1147.146 654.047, 1141.601 658.901, 1136.836 662.864 C 1132.071 666.828, 1122.747 675.683, 1116.117 682.542 C 1103.063 696.047, 1097.957 702.107, 1084.194 720.434 C 1081.275 724.320, 1076.823 729.882, 1074.299 732.793 C 1071.776 735.703, 1066.513 742.039, 1062.605 746.871 C 1051.631 760.441, 1020.813 796.971, 1016.097 802 C 1013.776 804.475, 1011.167 807.850, 1010.300 809.500 C 1009.433 811.150, 1007.042 814.525, 1004.986 817 C 999.831 823.207, 995.503 828.877, 981.320 848 C 974.589 857.075, 967.470 866.525, 965.499 869 C 963.528 871.475, 960.872 874.850, 959.597 876.500 C 956.493 880.517, 941 903.780, 941 904.425 C 941 904.705, 938.855 908.436, 936.233 912.717 C 930.094 922.739, 928.468 925.612, 926.158 930.523 C 925.117 932.735, 922.724 937.010, 920.840 940.023 C 917.774 944.925, 914.142 952.387, 908.194 966 C 907.113 968.475, 904.313 975.675, 901.972 982 C 899.632 988.325, 896.367 997.100, 894.718 1001.500 C 889.392 1015.706, 877.949 1049.179, 874.377 1061 C 871.268 1071.292, 866.891 1085.333, 859.262 1109.500 C 857.873 1113.900, 852.773 1129.650, 847.930 1144.500 C 833.290 1189.386, 826.881 1216.874, 824.022 1247.028 C 823.424 1253.338, 822.500 1262.627, 821.967 1267.670 C 819.708 1289.088, 821.775 1336.566, 825.987 1360 C 827.025 1365.775, 828.374 1373.875, 828.984 1378 C 833.324 1407.347, 846.825 1462.194, 863.476 1518.117 C 867.614 1532.016, 871.003 1544.313, 871.006 1545.444 C 871.012 1547.833, 875.068 1560.623, 881.012 1577 C 883.308 1583.325, 885.550 1589.625, 885.994 1591 C 888.677 1599.292, 902.751 1630.601, 906.898 1637.500 C 907.890 1639.150, 911.753 1645.830, 915.484 1652.345 C 919.214 1658.859, 925.891 1669.209, 930.320 1675.345 C 934.749 1681.480, 940.055 1688.975, 942.111 1692 C 944.168 1695.025, 947.778 1699.525, 950.134 1702 C 952.490 1704.475, 956.011 1708.348, 957.959 1710.606 C 966.789 1720.844, 986.460 1742.486, 996.288 1752.774 C 1002.222 1758.985, 1006.801 1764.513, 1006.464 1765.059 C 1006.127 1765.604, 1006.222 1765.951, 1006.676 1765.830 C 1008.068 1765.458, 1030.992 1788.203, 1030.321 1789.290 C 1029.974 1789.850, 1030.178 1790.008, 1030.773 1789.641 C 1031.367 1789.273, 1037.096 1793.815, 1043.505 1799.736 C 1049.913 1805.656, 1058.383 1813.377, 1062.328 1816.893 C 1066.273 1820.409, 1073.100 1826.529, 1077.500 1830.493 C 1091.432 1843.046, 1093.724 1845, 1094.511 1845 C 1094.933 1845, 1098.254 1847.375, 1101.889 1850.278 C 1112.132 1858.456, 1127.033 1869.738, 1138.795 1878.219 C 1154.751 1889.723, 1190.209 1913.239, 1192.500 1913.836 C 1193.600 1914.122, 1197.650 1916.236, 1201.500 1918.534 C 1224.153 1932.052, 1234.367 1937.731, 1250.500 1945.775 C 1285.278 1963.117, 1313.859 1975.206, 1340.500 1983.842 C 1345.450 1985.447, 1353.316 1988.452, 1357.980 1990.520 C 1389.740 2004.601, 1417.074 2014.099, 1436 2017.629 C 1467.170 2023.442, 1486.405 2027.411, 1501 2031.040 C 1581.085 2050.954, 1591.670 2053.007, 1627 2055.484 C 1661.337 2057.892, 1686.702 2059.949, 1695 2060.999 C 1736.710 2066.276, 1780.300 2067.233, 1811.500 2063.556 C 1826.230 2061.820, 1857.739 2057.603, 1872.119 2055.444 C 1877.410 2054.650, 1883.417 2054, 1885.468 2054 C 1887.520 2054, 1898.716 2052.224, 1910.349 2050.053 C 1921.982 2047.881, 1933.750 2045.818, 1936.500 2045.467 C 1939.250 2045.117, 1946.675 2043.985, 1953 2042.952 C 1959.325 2041.919, 1969.450 2040.360, 1975.500 2039.488 C 2005.160 2035.210, 2034.837 2027.990, 2058.234 2019.361 C 2077.776 2012.153, 2105.524 2003.088, 2118 1999.836 C 2124.325 1998.188, 2132.722 1995.999, 2136.659 1994.974 C 2148.428 1991.908, 2155.164 1989.877, 2161.500 1987.486 C 2164.800 1986.241, 2170.470 1984.297, 2174.099 1983.167 C 2177.729 1982.037, 2188.979 1977.204, 2199.099 1972.426 C 2218.544 1963.246, 2233.671 1956.339, 2248.500 1949.870 C 2253.450 1947.710, 2258.400 1945.542, 2259.500 1945.050 C 2272.320 1939.326, 2334.605 1907.980, 2338 1905.545 C 2340.475 1903.769, 2343.175 1902.025, 2344 1901.670 C 2344.825 1901.314, 2349.620 1898.430, 2354.656 1895.261 C 2359.692 1892.093, 2367.038 1887.475, 2370.980 1885 C 2380.494 1879.027, 2402.524 1863.779, 2405.853 1860.864 C 2413.279 1854.359, 2422.782 1846.572, 2425 1845.173 C 2430.363 1841.790, 2445.625 1827.475, 2471.506 1801.551 C 2486.359 1786.673, 2507.509 1765.725, 2518.506 1755 C 2536.700 1737.256, 2546 1727.274, 2546 1725.491 C 2546 1724.677, 2556.709 1710.855, 2563.237 1703.242 C 2565.843 1700.203, 2570.771 1693.619, 2574.189 1688.609 C 2582.968 1675.741, 2600.327 1652.198, 2608 1642.752 C 2611.575 1638.351, 2615.175 1633.729, 2616 1632.481 C 2616.825 1631.233, 2622.188 1624.651, 2627.919 1617.856 C 2650.904 1590.596, 2656.767 1581.903, 2671.997 1552.500 C 2676.270 1544.250, 2682.215 1532.775, 2685.208 1527 C 2690.370 1517.038, 2695.984 1507.610, 2705.451 1493 C 2715.865 1476.930, 2729.820 1451.257, 2737.251 1434.500 C 2743.563 1420.266, 2753.390 1393.845, 2754.949 1386.915 C 2755.619 1383.937, 2758.361 1373.625, 2761.041 1364 C 2763.721 1354.375, 2767.520 1339.750, 2769.482 1331.500 C 2771.444 1323.250, 2773.481 1314.700, 2774.008 1312.500 C 2781.127 1282.819, 2783.370 1272.050, 2785.881 1255.500 C 2801.680 1151.343, 2799.234 1093.428, 2775.534 1010.500 C 2774.276 1006.100, 2771.798 997.325, 2770.027 991 C 2768.256 984.675, 2764.844 973.200, 2762.444 965.500 C 2760.044 957.800, 2757.524 949.250, 2756.845 946.500 C 2753.618 933.446, 2726.705 854.067, 2720.211 838.452 C 2712.062 818.858, 2703.509 812.116, 2684.220 810.085 C 2671.803 808.777, 2668.676 807.552, 2663.586 802.001 C 2656.442 794.210, 2655.277 785.935, 2659.616 773.810 C 2661.055 769.789, 2662.698 765.921, 2663.269 765.214 C 2663.839 764.506, 2664.516 760.644, 2664.773 756.631 C 2665.149 750.780, 2664.844 748.435, 2663.233 744.795 C 2660.818 739.333, 2655.511 733.280, 2648.861 728.398 C 2643.364 724.363, 2641.754 724.141, 2627.405 725.440 C 2611.227 726.905, 2603.931 722.605, 2596.124 707.009 C 2593.856 702.476, 2591.998 698.033, 2591.996 697.134 C 2591.994 696.235, 2591.101 694.038, 2590.011 692.250 C 2586.393 686.316, 2581.355 688.607, 2573.116 699.935 C 2567.015 708.323, 2561.563 713.713, 2553 719.821 C 2549.425 722.371, 2546.017 724.917, 2545.426 725.478 C 2544.187 726.658, 2540.508 728.485, 2530 733.142 C 2519.123 737.962, 2511.935 737.866, 2502.896 732.780 C 2490.828 725.992, 2483.918 716.070, 2483.179 704.474 C 2482.562 694.774, 2485.373 690.075, 2501.231 674.301 C 2516.037 659.573, 2521.403 654.759, 2528 650.285 C 2530.475 648.606, 2533.323 646.318, 2534.329 645.201 C 2536.121 643.209, 2536.092 643.138, 2532.829 641.605 C 2526.168 638.476, 2513.336 634.947, 2506.500 634.363 C 2501.294 633.919, 2497.006 634.308, 2489.767 635.883 C 2477.551 638.540, 2471.553 638.553, 2464.557 635.935 C 2449.864 630.438, 2444.613 610.185, 2453.451 593.094 C 2454.336 591.383, 2457.493 587.589, 2460.466 584.662 C 2465.054 580.148, 2467.132 578.939, 2474.186 576.680 C 2478.759 575.216, 2484.142 573.777, 2486.149 573.483 C 2495.256 572.147, 2498.067 564.168, 2491.750 557.583 C 2489.963 555.720, 2479.725 548.236, 2469 540.952 C 2458.275 533.668, 2447.654 526.199, 2445.397 524.354 C 2443.140 522.509, 2440.888 521, 2440.392 521 C 2438.824 521, 2414.192 501.720, 2405.898 494 C 2405.011 493.175, 2402.175 490.925, 2399.595 489 C 2397.015 487.075, 2393.688 484.545, 2392.202 483.377 C 2378.288 472.444, 2345.982 451, 2343.425 451 C 2342.781 451, 2340.060 450.020, 2337.377 448.822 C 2333.438 447.064, 2329.614 446.498, 2317.500 445.881 C 2297.070 444.840, 2290.837 442.742, 2281.253 433.678 C 2278.304 430.889, 2273.496 425.208, 2270.568 421.053 C 2267.641 416.899, 2264.178 412.570, 2262.873 411.432 C 2259.009 408.065, 2242.419 399, 2240.121 399 C 2236.901 399, 2234.564 401.983, 2231.500 410 C 2227.848 419.556, 2223.390 424.066, 2215.368 426.317 C 2204.277 429.429, 2195.436 428.217, 2186.500 422.361 C 2174.767 414.671, 2165.075 398.578, 2162.495 382.500 C 2161.626 377.085, 2159.037 372.074, 2155.918 369.768 C 2154.497 368.719, 2148.197 366.383, 2141.918 364.577 C 2135.638 362.771, 2121.725 358.488, 2111 355.059 C 2063.302 339.809, 2041.262 334.112, 2024 332.572 C 1966.725 327.463, 1962.371 327.214, 1946.500 328.145 M 2651.500 394.178 C 2639.013 398.196, 2620.293 404.863, 2615.500 407 C 2613.300 407.981, 2606.470 410.835, 2600.322 413.343 C 2588.045 418.351, 2577.963 423.236, 2568 429.006 C 2558.334 434.604, 2544.107 441.721, 2539 443.514 C 2536.425 444.419, 2528.299 445.483, 2520 446.002 C 2498.840 447.327, 2487.239 451.562, 2475.235 462.343 C 2462.151 474.094, 2461.685 474.631, 2461.777 477.850 C 2461.894 481.978, 2465.022 486.242, 2470.816 490.173 C 2473.392 491.920, 2476.551 494.373, 2477.836 495.624 C 2479.121 496.876, 2484.296 500.709, 2489.336 504.144 C 2494.376 507.579, 2501.475 512.776, 2505.111 515.695 C 2508.746 518.613, 2512.121 521.005, 2512.611 521.011 C 2513.100 521.017, 2518.563 525.742, 2524.751 531.511 C 2539.849 545.587, 2541.032 545.619, 2552.521 532.253 C 2556.187 527.989, 2560.205 523.372, 2561.449 521.993 C 2562.693 520.614, 2568.219 512.739, 2573.728 504.493 C 2584.558 488.283, 2590.591 480.232, 2597.270 473.074 C 2599.617 470.558, 2607.379 461.766, 2614.519 453.536 C 2621.659 445.305, 2629.998 435.855, 2633.051 432.536 C 2636.104 429.216, 2640.591 424.025, 2643.022 421 C 2645.452 417.975, 2650.189 412.350, 2653.548 408.500 C 2661.602 399.267, 2663 397.091, 2663 393.777 C 2663 390.465, 2663.047 390.463, 2651.500 394.178 M 2395.500 397.928 C 2392.200 398.904, 2387.584 400.681, 2385.242 401.876 C 2379.605 404.753, 2372 412.130, 2372 414.721 C 2372 417.712, 2382.373 426.898, 2390.681 431.263 C 2400.113 436.219, 2406.626 437.601, 2411.317 435.641 C 2414.447 434.333, 2414.933 433.630, 2415.551 429.511 C 2416.384 423.951, 2415.206 403.673, 2413.841 400.082 C 2413.310 398.684, 2412.341 397.201, 2411.687 396.786 C 2409.677 395.507, 2401.804 396.063, 2395.500 397.928 M 1295.200 459.200 C 1293.579 460.821, 1293.579 477.179, 1295.200 478.800 C 1296.576 480.176, 1304.829 480.394, 1306.859 479.108 C 1307.606 478.635, 1308.451 476.179, 1308.736 473.651 C 1309.292 468.718, 1307.438 463.438, 1303.911 459.911 C 1301.765 457.765, 1297.022 457.378, 1295.200 459.200 M 2744.500 673.688 C 2743.400 673.939, 2735.300 675.704, 2726.500 677.610 C 2694.309 684.581, 2692.945 684.998, 2688.250 689.291 C 2684.923 692.333, 2685.074 701.750, 2688.562 708.749 C 2692.356 716.362, 2703.283 727.699, 2709.620 730.598 C 2715.807 733.428, 2718.408 733.554, 2725.912 731.385 C 2734.230 728.982, 2735.648 728.352, 2746.066 722.433 C 2758.152 715.567, 2760.686 711.918, 2759.465 703.142 C 2759.034 700.039, 2758.791 693.348, 2758.925 688.274 C 2759.139 680.198, 2758.901 678.670, 2757.017 676.024 C 2755.175 673.437, 2754.259 673.017, 2750.682 673.116 C 2748.382 673.180, 2745.600 673.437, 2744.500 673.688 M 1602 722.630 C 1597.321 724.101, 1569.803 736.973, 1569 738.066 C 1568.725 738.440, 1564 741.534, 1558.500 744.942 C 1553 748.350, 1546.475 752.599, 1544 754.385 C 1541.525 756.170, 1536.575 759.626, 1532.999 762.065 C 1521.758 769.733, 1502.567 784.909, 1499 788.951 C 1497.289 790.890, 1487.660 797.929, 1484.373 799.644 C 1483.167 800.273, 1478.594 803.485, 1474.211 806.781 C 1469.827 810.077, 1461.349 816.064, 1455.370 820.085 C 1442.479 828.756, 1430.047 838.032, 1427.981 840.524 C 1427.167 841.506, 1419.671 847.867, 1411.324 854.658 C 1392.656 869.847, 1390.267 872.212, 1387.818 877.925 C 1384.707 885.183, 1386.706 894.585, 1393.317 903.792 C 1397.454 909.552, 1401.793 912.086, 1407.756 912.222 C 1413.937 912.362, 1421.788 908.824, 1428.500 902.872 C 1446.136 887.233, 1467.246 870.617, 1471.564 868.976 C 1472.703 868.543, 1476.529 866.154, 1480.067 863.668 C 1486.509 859.142, 1490.458 855.876, 1508.715 839.980 C 1527.904 823.271, 1545.294 809.790, 1556.268 803.116 C 1559.990 800.852, 1563.291 799, 1563.604 799 C 1563.917 799, 1569.784 795.867, 1576.642 792.038 C 1588.519 785.406, 1615.778 765.803, 1623.353 758.445 C 1631.185 750.839, 1630.657 735.908, 1622.295 728.508 C 1616.321 723.222, 1607.886 720.778, 1602 722.630 M 1965.500 792.693 C 1962.042 793.490, 1954.472 799.112, 1952.700 802.200 C 1951.765 803.829, 1951 806.476, 1951 808.081 C 1951 809.686, 1950.550 811, 1950 811 C 1948.440 811, 1948.815 814.430, 1951.020 820.323 C 1953.276 826.354, 1959.199 832.486, 1974.373 844.500 C 1979.236 848.350, 1984.853 852.884, 1986.857 854.575 C 1992.367 859.227, 2003.005 866.517, 2007.500 868.722 C 2009.700 869.801, 2016.675 873.834, 2023 877.683 C 2029.325 881.532, 2039.450 887.277, 2045.500 890.449 C 2051.550 893.621, 2057.062 896.673, 2057.749 897.230 C 2060.491 899.455, 2097.702 916.667, 2117 924.637 C 2128.275 929.294, 2139.975 934.174, 2143 935.482 C 2146.025 936.790, 2149.850 938.161, 2151.500 938.529 C 2158.449 940.078, 2181.431 949.914, 2195.993 957.570 C 2199.572 959.451, 2217.316 968.306, 2235.424 977.246 C 2253.533 986.186, 2274.683 996.732, 2282.424 1000.682 C 2290.166 1004.632, 2297.224 1007.895, 2298.108 1007.932 C 2298.993 1007.969, 2305.349 1010.924, 2312.233 1014.498 C 2330.976 1024.228, 2336.936 1026.283, 2346.595 1026.347 C 2353.629 1026.393, 2355.458 1026.013, 2360.550 1023.450 C 2368.461 1019.468, 2370.342 1016.640, 2370.830 1007.996 C 2371.176 1001.884, 2370.905 1000.513, 2368.562 996.515 C 2365.404 991.126, 2350.812 978.731, 2340.606 972.768 C 2333.735 968.753, 2320.563 963.103, 2314.595 961.611 C 2312.997 961.211, 2306.247 958.615, 2299.595 955.842 C 2286.216 950.264, 2271.206 942.984, 2232 923.059 C 2202.468 908.050, 2194.472 904.475, 2173.500 896.904 C 2167.450 894.720, 2161.150 892.318, 2159.500 891.566 C 2157.850 890.814, 2154.475 889.513, 2152 888.675 C 2143.936 885.944, 2135.319 882.132, 2119.672 874.371 C 2113.716 871.417, 2108.279 869, 2107.589 869 C 2105.075 869, 2062.465 845.165, 2056.893 840.642 C 2055.442 839.464, 2050.606 836.250, 2046.147 833.500 C 2041.687 830.750, 2033.192 825.162, 2027.269 821.083 C 2001.559 803.377, 1994.833 799, 1993.332 799 C 1992.454 799, 1990.209 798.056, 1988.343 796.903 C 1982.218 793.117, 1971.905 791.217, 1965.500 792.693 M 1432.316 1205.427 C 1429.464 1206.118, 1425.864 1207.501, 1424.316 1208.499 C 1420.136 1211.194, 1415.835 1215.924, 1416.535 1217.057 C 1416.873 1217.603, 1416.577 1217.926, 1415.878 1217.775 C 1413.338 1217.225, 1411.694 1225.213, 1411.231 1240.345 C 1410.728 1256.812, 1411.319 1261.190, 1416.534 1279.647 C 1420.558 1293.885, 1422.500 1306.014, 1423.958 1326 C 1424.539 1333.975, 1425.732 1346.125, 1426.608 1353 C 1428.372 1366.841, 1428.086 1374.342, 1425.705 1376.723 C 1423.320 1379.109, 1416.319 1379.873, 1396 1379.964 C 1361.192 1380.121, 1345.037 1382.423, 1319.241 1390.901 C 1301.851 1396.617, 1289.567 1400.091, 1274.500 1403.555 C 1250.667 1409.035, 1225.369 1418.620, 1220.479 1424.023 C 1219.495 1425.110, 1218.158 1426, 1217.508 1426 C 1215.833 1426, 1201.900 1438.248, 1186.041 1453.659 C 1172.293 1467.020, 1162.727 1475.202, 1155.500 1479.782 C 1135.062 1492.736, 1131.851 1511.291, 1146.897 1529.499 C 1151.364 1534.904, 1155.510 1537.516, 1161.201 1538.512 C 1169.678 1539.995, 1193.689 1530.851, 1205.363 1521.695 C 1211.477 1516.899, 1215.352 1512.698, 1220.915 1504.836 C 1224.752 1499.414, 1241.644 1484.324, 1250.870 1478.076 C 1265.611 1468.094, 1281.312 1462.403, 1307.500 1457.549 C 1312.450 1456.632, 1324.375 1453.258, 1334 1450.051 C 1368.052 1438.706, 1370.534 1438.104, 1386.500 1437.324 C 1398.463 1436.739, 1420.690 1438.240, 1425.513 1439.957 C 1427.702 1440.737, 1429.139 1442.368, 1430.770 1445.922 C 1432.861 1450.480, 1433.050 1452.610, 1433.552 1477.157 C 1434.319 1514.630, 1436.378 1526.872, 1444.696 1543.389 C 1448.217 1550.382, 1457.283 1564.540, 1459.494 1566.500 C 1460.114 1567.050, 1463.038 1570.425, 1465.992 1574 C 1474.675 1584.510, 1482.237 1592.020, 1486.210 1594.078 C 1491.393 1596.763, 1501.700 1596.704, 1507.081 1593.959 C 1509.282 1592.836, 1513.747 1589.253, 1517.002 1585.998 C 1523.984 1579.016, 1526.611 1572.207, 1525.706 1563.437 C 1525.041 1557.002, 1523.734 1554.489, 1516.111 1545 C 1508.469 1535.487, 1500.928 1522.850, 1499.412 1517.016 C 1498.766 1514.532, 1497.282 1509.292, 1496.113 1505.371 C 1491.293 1489.204, 1489.810 1466.455, 1492.014 1442.500 C 1494.067 1420.183, 1495.398 1417.672, 1505.802 1416.476 C 1515.074 1415.411, 1518.840 1414.123, 1532.111 1407.479 C 1549.033 1399.008, 1555.218 1397.253, 1574.409 1395.479 C 1583.259 1394.661, 1592.075 1393.763, 1594 1393.483 C 1595.925 1393.203, 1601.775 1392.544, 1607 1392.019 C 1612.225 1391.494, 1623.025 1390.369, 1631 1389.520 C 1666.363 1385.755, 1706.782 1385.341, 1715.097 1388.659 C 1717.075 1389.449, 1719.671 1391.417, 1720.866 1393.033 C 1726.657 1400.865, 1728.010 1410.815, 1728.953 1452.500 C 1729.814 1490.573, 1729.963 1491.592, 1736.070 1501.109 C 1747.018 1518.170, 1772.149 1529.516, 1786.011 1523.657 C 1795.857 1519.495, 1804 1507.832, 1804 1497.891 C 1804 1492.980, 1803.185 1490.702, 1797.194 1478.882 C 1789.338 1463.383, 1787.607 1456.744, 1785.882 1435.500 C 1784.373 1416.925, 1785.175 1399.581, 1787.672 1396.777 C 1792.497 1391.358, 1797.258 1391.065, 1830 1394.177 C 1849.364 1396.017, 1860.278 1396.349, 1908.308 1396.560 C 1948.643 1396.738, 1964.912 1397.135, 1966.986 1397.994 C 1971.600 1399.905, 1973.102 1405.239, 1974.028 1423 C 1974.473 1431.525, 1975.268 1439.876, 1975.794 1441.558 C 1979.031 1451.908, 1989.197 1466.442, 1995.186 1469.284 C 2011.684 1477.113, 2037 1463.921, 2037 1447.494 C 2037 1445.189, 2035.905 1438.352, 2034.567 1432.301 C 2029.759 1410.563, 2030.218 1405.598, 2037.252 1403.284 C 2041.077 1402.026, 2119.884 1401.191, 2123 1402.375 C 2125.937 1403.492, 2163.710 1407.893, 2176 1408.550 C 2195.383 1409.588, 2197.463 1411.131, 2197.193 1424.277 C 2197.069 1430.336, 2196.451 1433.319, 2194.396 1437.777 C 2189.154 1449.150, 2187.878 1454.237, 2186.971 1467.394 C 2186.010 1481.336, 2184.818 1488.416, 2181.989 1497 C 2179.086 1505.809, 2172.413 1532.665, 2170.560 1543 C 2169.623 1548.225, 2168.420 1554.744, 2167.888 1557.486 C 2166.074 1566.828, 2164.920 1593.089, 2165.905 1602.600 C 2167.349 1616.542, 2170.770 1622.751, 2179.471 1627.224 C 2187.783 1631.498, 2202.687 1630.463, 2208.676 1625.197 C 2219.441 1615.733, 2223.303 1602.832, 2226.996 1564 C 2228.728 1545.792, 2233.898 1519.907, 2239.179 1503 C 2240.295 1499.425, 2241.572 1495.150, 2242.017 1493.500 C 2242.461 1491.850, 2244.465 1484.875, 2246.471 1478 C 2251.072 1462.228, 2254.230 1450.148, 2256.977 1437.817 C 2258.163 1432.491, 2259.789 1427.590, 2260.590 1426.926 C 2263.268 1424.702, 2272.995 1425.633, 2280.024 1428.785 C 2290.344 1433.413, 2318.939 1442.307, 2344 1448.682 C 2362.083 1453.283, 2378.134 1454.232, 2385.281 1451.124 C 2396.760 1446.132, 2402.225 1438.400, 2402.333 1427 C 2402.381 1422.039, 2401.785 1419.172, 2399.819 1414.893 C 2395.691 1405.912, 2387.241 1400.689, 2368.428 1395.489 C 2361.788 1393.654, 2351.888 1390.266, 2346.428 1387.962 C 2340.967 1385.657, 2333.800 1382.666, 2330.500 1381.315 C 2321.414 1377.595, 2304.240 1372.258, 2297.500 1371.059 C 2294.200 1370.473, 2289.475 1368.947, 2287 1367.668 C 2282.834 1365.517, 2282.525 1365.090, 2282.843 1361.922 C 2283.031 1360.040, 2283.544 1358.050, 2283.982 1357.500 C 2285.527 1355.560, 2294.410 1339.327, 2301.766 1325 C 2313.844 1301.478, 2319.563 1292.694, 2329.741 1282.036 C 2338.639 1272.717, 2340.756 1264.849, 2337.438 1253.434 C 2334.764 1244.235, 2324.191 1236.712, 2310.019 1233.924 C 2298.259 1231.610, 2284.270 1236.173, 2277.392 1244.566 C 2274.027 1248.673, 2267 1262.643, 2267 1265.226 C 2267 1266.617, 2258.338 1282.415, 2255 1287.112 C 2252.033 1291.288, 2243.041 1309.550, 2239.456 1318.683 C 2237.645 1323.296, 2234.104 1330.374, 2231.586 1334.413 C 2227.315 1341.266, 2226.491 1342.016, 2219.255 1345.629 L 2211.500 1349.500 2193.500 1349.417 C 2176.662 1349.340, 2159.642 1348.199, 2142 1345.965 C 2119.758 1343.148, 2097.684 1341.978, 2068.500 1342.069 C 2048.868 1342.130, 2036.492 1341.777, 2034.750 1341.107 L 2032 1340.050 2032.037 1321.775 C 2032.078 1301.363, 2032.945 1295.762, 2038.388 1280.771 C 2046.677 1257.941, 2045.277 1235.709, 2034.875 1224.990 C 2028.717 1218.645, 2024.274 1217.048, 2012.710 1217.022 C 2001.927 1216.998, 1997.412 1218.502, 1992.516 1223.749 C 1989.511 1226.970, 1988.535 1230.272, 1986.976 1242.500 C 1985.897 1250.964, 1980.408 1272.078, 1975.798 1285.500 C 1974.039 1290.620, 1973.712 1294.213, 1973.569 1310 C 1973.456 1322.506, 1973.002 1329.228, 1972.168 1330.747 C 1971.489 1331.982, 1969.066 1333.946, 1966.784 1335.110 C 1962.778 1337.154, 1961.446 1337.221, 1928.068 1337.082 C 1868.272 1336.831, 1801.312 1334.454, 1783.691 1331.956 C 1775.386 1330.778, 1771.803 1329.034, 1770.068 1325.325 C 1769.341 1323.771, 1768.377 1316.425, 1767.924 1309 C 1766.764 1289.955, 1766.206 1285.750, 1763.406 1275 C 1757.934 1253.985, 1744.966 1226.776, 1736.436 1218.415 C 1727.738 1209.889, 1716.564 1208.658, 1704.259 1214.869 C 1694.323 1219.885, 1690.431 1226.827, 1690.732 1239 C 1690.891 1245.393, 1691.820 1249.008, 1697.032 1263.500 C 1706.759 1290.547, 1708.092 1294.987, 1709.217 1304.076 C 1710.491 1314.365, 1709.647 1321.319, 1706.804 1323.968 C 1705.667 1325.028, 1702.658 1326.383, 1700.118 1326.980 C 1697.578 1327.578, 1676.375 1328.696, 1653 1329.465 C 1614.025 1330.747, 1603.711 1331.244, 1589.500 1332.522 C 1561.667 1335.025, 1536.825 1340.902, 1513.464 1350.509 C 1509.044 1352.326, 1503.306 1354.131, 1500.714 1354.520 C 1494.135 1355.507, 1487.244 1354.325, 1485.998 1351.997 C 1485.445 1350.962, 1484.304 1343.902, 1483.463 1336.308 C 1481.164 1315.530, 1479.650 1305.935, 1474.030 1276.500 C 1472.455 1268.250, 1469.993 1254.525, 1468.560 1246 C 1467.126 1237.475, 1465.281 1227.891, 1464.459 1224.703 C 1461.692 1213.965, 1455.534 1207.052, 1446.980 1205.081 C 1441.369 1203.788, 1438.828 1203.848, 1432.316 1205.427" stroke="none" fill="#ffffff" fill-rule="evenodd"/>

</g>

</svg>
